service_id,monday,tuesday,wednesday,thursday,friday,saturday,sunday,start_date,end_date,events_and_status,operating_days,duty
14126,0,0,0,0,0,1,0,20190303,20190601,,a,
14127,0,0,0,0,1,0,0,20190303,20190601,,f,
14128,1,1,1,1,0,0,0,20190303,20190601,,muwt,
14129,1,1,1,1,1,0,0,20190303,20190601,,muwtf,
14130,1,0,1,1,1,0,0,20190303,20190601,,mwtf,
14131,0,0,0,0,0,0,1,20190303,20190601,,s,
14132,0,0,0,0,0,0,0,20190303,20190601,,smuwtfa,
14133,0,1,0,0,0,0,0,20190303,20190601,,u,
14134,0,0,0,0,0,0,0,20190303,20190601,PHoff,f,
14135,0,0,0,0,0,0,0,20190303,20190601,PHoff,muwt,
14136,0,0,0,0,0,0,0,20190303,20190601,PHoff,muwtf,
14137,0,0,0,0,1,0,0,20190303,20190601,PHon,f,
14138,1,1,1,1,0,0,0,20190303,20190601,PHon,muwt,
14139,1,1,1,1,1,0,0,20190303,20190601,PHon,muwtf,
14140,0,0,0,0,0,0,0,20190303,20190601,RAoff,muwtf,40-33
14141,0,0,0,0,0,0,0,20190303,20190601,RAoff,muwtf,415-01
14142,1,1,0,1,1,0,0,20190303,20190601,RAon,mutf,40-33
14143,1,1,1,1,1,0,0,20190303,20190601,RAon,muwtf,415-01
14144,0,0,1,0,0,0,0,20190303,20190601,RAon,w,40-33
14145,0,0,0,0,0,0,0,20190303,20190601,RCoff,muwtf,C-05
14146,0,0,0,0,1,0,0,20190303,20190601,RCon,f,C-05
14147,1,0,0,0,0,0,0,20190303,20190601,RCon,m,C-05
14148,0,1,0,1,0,0,0,20190303,20190601,RCon,ut,C-05
14149,0,0,1,0,0,0,0,20190303,20190601,RCon,w,C-05
14150,0,0,0,0,0,0,0,20190303,20190601,RDoff,muwtf,2-07
14151,1,0,0,0,0,0,0,20190303,20190601,RDon,m,2-07
14152,0,1,1,1,1,0,0,20190303,20190601,RDon,uwtf,2-07
14153,0,0,0,0,0,0,0,20190303,20190601,REoff,muwtf,13-15
14154,1,0,0,0,0,0,0,20190303,20190601,REon,m,13-15
14155,0,1,1,1,1,0,0,20190303,20190601,REon,uwtf,13-15
14156,0,0,0,0,0,0,0,20190303,20190601,RFoff,muwtf,51-03
14157,1,1,0,1,1,0,0,20190303,20190601,RFon,mutf,51-03
14158,0,0,1,0,0,0,0,20190303,20190601,RFon,w,51-03
14159,0,0,0,0,0,0,0,20190303,20190601,RGoff,muwtf,60-19
14160,1,0,0,0,1,0,0,20190303,20190601,RGon,mf,60-19
14161,0,0,0,1,0,0,0,20190303,20190601,RGon,t,60-19
14162,0,1,0,0,0,0,0,20190303,20190601,RGon,u,60-19
14163,0,0,1,0,0,0,0,20190303,20190601,RGon,w,60-19
14164,0,0,0,0,0,0,0,20190303,20190601,RIoff,muwtf,3-11
14165,1,1,1,1,1,0,0,20190303,20190601,RIon,muwtf,3-11
14166,0,0,0,0,0,0,0,20190303,20190601,RJoff,muwtf,70-01
14167,0,0,0,0,0,0,0,20190303,20190601,RJoff,muwtf,70-02
14168,0,0,0,0,0,0,0,20190303,20190601,RJoff,muwtf,56-08
14169,0,0,0,0,0,0,0,20190303,20190601,RJoff,muwtf,56-03
14170,1,1,1,1,1,0,0,20190303,20190601,RJon,muwtf,56-03
14171,1,1,1,1,1,0,0,20190303,20190601,RJon,muwtf,70-02
14172,1,1,1,1,1,0,0,20190303,20190601,RJon,muwtf,70-01
14173,1,1,1,1,1,0,0,20190303,20190601,RJon,muwtf,56-08
14174,0,0,0,0,0,0,0,20190303,20190601,RKoff,muwtf,1L-07
14175,1,1,1,1,1,0,0,20190303,20190601,RKon,muwtf,1L-07
14176,0,0,0,0,0,0,0,20190303,20190601,RLoff,muwtf,51-11
14177,1,1,1,1,1,0,0,20190303,20190601,RLon,muwtf,51-11
14178,0,0,0,0,0,0,0,20190303,20190601,RNoff,muwtf,23-02
14179,0,0,0,0,0,0,0,20190303,20190601,RNoff,muwtf,20-02
14180,1,1,0,1,1,0,0,20190303,20190601,RNon,mutf,20-02
14181,1,1,0,1,1,0,0,20190303,20190601,RNon,mutf,23-02
14182,0,0,1,0,0,0,0,20190303,20190601,RNon,w,20-02
14183,0,0,1,0,0,0,0,20190303,20190601,RNon,w,23-02
14184,0,0,0,0,0,0,0,20190303,20190601,ROoff,muwtf,40-10
14185,1,0,1,0,1,0,0,20190303,20190601,ROon,mwf,40-10
14186,0,1,0,1,0,0,0,20190303,20190601,ROon,ut,40-10
14187,0,0,0,0,0,0,0,20190303,20190601,RQoff,muwtf,60-20
14188,0,0,0,0,0,0,0,20190303,20190601,RQoff,muwtf,1-11
14189,0,0,0,0,0,0,0,20190303,20190601,RQoff,muwtf,42-16
14190,1,1,1,1,1,0,0,20190303,20190601,RQon,muwtf,60-20
14191,1,0,1,0,1,0,0,20190303,20190601,RQon,mwf,42-16
14192,1,0,1,0,1,0,0,20190303,20190601,RQon,mwf,1-11
14193,0,1,0,1,0,0,0,20190303,20190601,RQon,ut,42-16
14194,0,1,0,1,0,0,0,20190303,20190601,RQon,ut,1-11
14195,0,0,0,0,0,0,0,20190303,20190601,RRoff,muwtf,15-02
14196,0,0,0,0,0,0,0,20190303,20190601,RRoff,muwtf,4-10
14197,1,0,0,0,1,0,0,20190303,20190601,RRon,mf,15-02
14198,1,1,1,1,1,0,0,20190303,20190601,RRon,muwtf,4-10
14199,0,1,1,1,0,0,0,20190303,20190601,RRon,uwt,15-02
14200,0,0,0,0,0,0,0,20190303,20190601,RSoff,muwtf,1L-05
14201,0,0,0,0,0,0,0,20190303,20190601,RSoff,muwtf,2-23
14202,0,0,0,0,0,0,0,20190303,20190601,RSoff,muwtf,1-23
14203,1,1,1,1,1,0,0,20190303,20190601,RSon,muwtf,1-23
14204,1,1,1,1,1,0,0,20190303,20190601,RSon,muwtf,1L-05
14205,1,1,1,1,1,0,0,20190303,20190601,RSon,muwtf,2-23
14206,0,0,0,0,0,0,0,20190303,20190601,RToff,muwtf,14-04
14207,0,0,0,0,0,0,0,20190303,20190601,RToff,muwtf,14-01
14208,0,0,0,0,0,0,0,20190303,20190601,RToff,muwtf,14-03
14209,0,0,0,0,0,0,0,20190303,20190601,RToff,muwtf,14-02
14210,1,1,0,1,1,0,0,20190303,20190601,RTon,mutf,14-03
14211,1,1,0,1,1,0,0,20190303,20190601,RTon,mutf,14-01
14212,1,1,0,1,1,0,0,20190303,20190601,RTon,mutf,14-04
14213,1,1,0,1,1,0,0,20190303,20190601,RTon,mutf,14-02
14214,0,0,1,0,0,0,0,20190303,20190601,RTon,w,14-02
14215,0,0,1,0,0,0,0,20190303,20190601,RTon,w,14-03
14216,0,0,1,0,0,0,0,20190303,20190601,RTon,w,14-04
14217,0,0,1,0,0,0,0,20190303,20190601,RTon,w,14-01
14218,0,0,0,0,0,0,0,20190303,20190601,RUoff,muwtf,E-13
14219,0,0,0,0,0,0,0,20190303,20190601,RUoff,muwtf,E-08
14220,0,0,0,0,0,0,0,20190303,20190601,RUoff,muwtf,E-14
14221,0,0,0,0,0,0,0,20190303,20190601,RUoff,muwtf,51-13
14222,1,1,0,1,1,0,0,20190303,20190601,RUon,mutf,51-13
14223,1,1,0,1,1,0,0,20190303,20190601,RUon,mutf,E-13
14224,1,1,1,1,1,0,0,20190303,20190601,RUon,muwtf,E-08
14225,1,1,1,1,1,0,0,20190303,20190601,RUon,muwtf,E-14
14226,0,0,1,0,0,0,0,20190303,20190601,RUon,w,E-13
14227,0,0,1,0,0,0,0,20190303,20190601,RUon,w,51-13
14228,0,0,0,0,0,0,0,20190303,20190601,RVoff,muwtf,10-01
14229,0,0,0,0,0,0,0,20190303,20190601,RVoff,muwtf,10-02
14230,0,0,0,0,0,0,0,20190303,20190601,RVoff,muwtf,1-06
14231,0,0,0,0,0,0,0,20190303,20190601,RVoff,muwtf,56-11
14232,0,0,0,0,1,0,0,20190303,20190601,RVon,f,56-11
14233,1,1,0,1,0,0,0,20190303,20190601,RVon,mut,56-11
14234,1,1,1,1,1,0,0,20190303,20190601,RVon,muwtf,1-06
14235,1,1,1,1,1,0,0,20190303,20190601,RVon,muwtf,10-02
14236,1,1,1,1,1,0,0,20190303,20190601,RVon,muwtf,10-01
14237,0,0,1,0,0,0,0,20190303,20190601,RVon,w,56-11
14238,0,0,0,0,0,0,0,20190303,20190601,RXoff,muwtf,52-15
14239,1,1,1,1,1,0,0,20190303,20190601,RXon,muwtf,52-15
14240,0,0,0,0,0,0,0,20190303,20190601,RYoff,muwtf,3-21
14241,1,1,1,1,1,0,0,20190303,20190601,RYon,muwtf,3-21
14242,0,0,0,0,0,0,0,20190303,20190601,UMoff,muwtf,19-08
14243,0,0,0,0,0,0,0,20190303,20190601,UMoff,muwtf,19-13
14244,0,0,0,0,0,0,0,20190303,20190601,UMoff,muwtf,13-16
14245,0,0,0,0,0,0,0,20190303,20190601,UMoff,muwtf,4-06
14246,1,1,1,1,1,0,0,20190303,20190601,UMon,muwtf,13-16
14247,1,1,1,1,1,0,0,20190303,20190601,UMon,muwtf,4-06
14248,1,1,1,1,1,0,0,20190303,20190601,UMon,muwtf,19-13
14249,1,1,1,1,1,0,0,20190303,20190601,UMon,muwtf,19-08
15488,0,0,0,0,0,1,0,20190602,20190817,,a,
15489,0,0,0,0,1,0,0,20190602,20190817,,f,
15490,1,1,1,1,0,0,0,20190602,20190817,,muwt,
15491,1,1,1,1,1,0,0,20190602,20190817,,muwtf,
15492,1,0,1,1,1,0,0,20190602,20190817,,mwtf,
15493,0,0,0,0,0,0,1,20190602,20190817,,s,
15494,0,0,0,0,0,0,0,20190602,20190817,,smuwtfa,
15495,0,1,0,0,0,0,0,20190602,20190817,,u,
15496,0,0,0,0,1,0,0,20190602,20190817,PHoff,f,
15497,1,1,1,1,0,0,0,20190602,20190817,PHoff,muwt,
15498,1,1,1,1,1,0,0,20190602,20190817,PHoff,muwtf,
15499,0,0,0,0,0,0,0,20190602,20190817,PHon,f,
15500,0,0,0,0,0,0,0,20190602,20190817,PHon,muwt,
15501,0,0,0,0,0,0,0,20190602,20190817,PHon,muwtf,
15502,0,0,0,0,0,0,0,20190602,20190817,RAon,mutf,TripP-06
15503,0,0,0,0,0,0,0,20190602,20190817,RAon,muwtf,TripP-03
15504,0,0,0,0,0,0,0,20190602,20190817,RAon,w,TripP-06
15505,0,0,0,0,0,0,0,20190602,20190817,RCon,f,TripP-13
15506,0,0,0,0,0,0,0,20190602,20190817,RCon,m,TripP-13
15507,0,0,0,0,0,0,0,20190602,20190817,RCon,ut,TripP-13
15508,0,0,0,0,0,0,0,20190602,20190817,RCon,w,TripP-13
15509,0,0,0,0,0,0,0,20190602,20190817,RDon,m,TripK-12
15510,0,0,0,0,0,0,0,20190602,20190817,RDon,uwtf,TripK-11
15511,0,0,0,0,0,0,0,20190602,20190817,REon,m,TripK-07
15512,0,0,0,0,0,0,0,20190602,20190817,REon,uwtf,TripK-07
15513,0,0,0,0,0,0,0,20190602,20190817,RFon,mutf,TripP-12
15514,0,0,0,0,0,0,0,20190602,20190817,RFon,w,TripP-12
15515,0,0,0,0,0,0,0,20190602,20190817,RGon,mf,TripP-16
15516,0,0,0,0,0,0,0,20190602,20190817,RGon,t,TripP-16
15517,0,0,0,0,0,0,0,20190602,20190817,RGon,u,TripP-16
15518,0,0,0,0,0,0,0,20190602,20190817,RGon,w,TripP-16
15519,0,0,0,0,0,0,0,20190602,20190817,RIon,muwtf,TripK-09
15520,0,0,0,0,0,0,0,20190602,20190817,RJon,muwtf,56-03
15521,0,0,0,0,0,0,0,20190602,20190817,RJon,muwtf,70-02
15522,0,0,0,0,0,0,0,20190602,20190817,RJon,muwtf,70-01
15523,0,0,0,0,0,0,0,20190602,20190817,RJon,muwtf,56-12
15524,0,0,0,0,0,0,0,20190602,20190817,RJon,muwtf,56-01
15525,0,0,0,0,0,0,0,20190602,20190817,RJon,muwtf,56-08
15526,0,0,0,0,0,0,0,20190602,20190817,RKon,muwtf,TripK-02
15527,1,1,1,1,1,0,0,20190602,20190817,RLoff,muwtf,51-10
15528,1,1,1,1,1,0,0,20190602,20190817,RLoff,muwtf,51-15
15529,0,0,0,0,0,0,0,20190602,20190817,RLon,muwtf,51-10
15530,0,0,0,0,0,0,0,20190602,20190817,RLon,muwtf,51-15
15531,0,0,0,0,0,0,0,20190602,20190817,RNon,mutf,TripK-08
15532,0,0,0,0,0,0,0,20190602,20190817,RNon,mutf,TripK-10
15533,0,0,0,0,0,0,0,20190602,20190817,RNon,w,TripK-08
15534,0,0,0,0,0,0,0,20190602,20190817,ROon,mwf,TripP-02
15535,0,0,0,0,0,0,0,20190602,20190817,ROon,ut,TripP-02
15536,0,0,0,0,0,0,0,20190602,20190817,RQon,muwtf,TripP-14
15537,0,0,0,0,0,0,0,20190602,20190817,RQon,mwf,TripP-15
15538,0,0,0,0,0,0,0,20190602,20190817,RQon,mwf,TripK-05
15539,0,0,0,0,0,0,0,20190602,20190817,RQon,ut,TripP-15
15540,0,0,0,0,0,0,0,20190602,20190817,RQon,ut,TripK-05
15541,1,1,1,1,1,0,0,20190602,20190817,RRoff,muwtf,TripK-03
15542,1,1,1,1,1,0,0,20190602,20190817,RRoff,muwtf,TripK-06
15543,0,0,0,0,0,0,0,20190602,20190817,RRon,mf,TripK-06
15544,0,0,0,0,0,0,0,20190602,20190817,RRon,muwtf,TripK-03
15545,0,0,0,0,0,0,0,20190602,20190817,RRon,uwt,TripK-06
15546,1,1,1,1,1,0,0,20190602,20190817,RSoff,muwtf,1L-07
15547,1,1,1,1,1,0,0,20190602,20190817,RSoff,muwtf,7-02
15548,0,0,0,0,0,0,0,20190602,20190817,RSon,muwtf,7-02
15549,0,0,0,0,0,0,0,20190602,20190817,RSon,muwtf,1L-07
15550,1,1,1,1,1,0,0,20190602,20190817,RToff,muwtf,14-02
15551,1,1,1,1,1,0,0,20190602,20190817,RToff,muwtf,3-21
15552,1,1,1,1,1,0,0,20190602,20190817,RToff,muwtf,14-03
15553,1,1,1,1,1,0,0,20190602,20190817,RToff,muwtf,14-01
15554,1,1,1,1,1,0,0,20190602,20190817,RToff,muwtf,1-08
15555,0,0,0,0,0,0,0,20190602,20190817,RTon,mutf,14-02
15556,0,0,0,0,0,0,0,20190602,20190817,RTon,mutf,1-08
15557,0,0,0,0,0,0,0,20190602,20190817,RTon,mutf,14-01
15558,0,0,0,0,0,0,0,20190602,20190817,RTon,mutf,3-21
15559,0,0,0,0,0,0,0,20190602,20190817,RTon,mutf,14-03
15560,0,0,0,0,0,0,0,20190602,20190817,RTon,w,14-01
15561,0,0,0,0,0,0,0,20190602,20190817,RTon,w,3-21
15562,0,0,0,0,0,0,0,20190602,20190817,RTon,w,1-08
15563,0,0,0,0,0,0,0,20190602,20190817,RTon,w,14-03
15564,0,0,0,0,0,0,0,20190602,20190817,RTon,w,14-02
15565,0,0,0,0,0,0,0,20190602,20190817,RUon,mutf,TripP-11
15566,0,0,0,0,0,0,0,20190602,20190817,RUon,mutf,TripP-10
15567,0,0,0,0,0,0,0,20190602,20190817,RUon,muwtf,TripP-08
15568,0,0,0,0,0,0,0,20190602,20190817,RUon,muwtf,TripP-07
15569,0,0,0,0,0,0,0,20190602,20190817,RUon,w,TripP-10
15570,0,0,0,0,0,0,0,20190602,20190817,RUon,w,TripP-11
15571,1,1,1,1,1,0,0,20190602,20190817,RVoff,muwtf,10-03
15572,1,1,1,1,1,0,0,20190602,20190817,RVoff,muwtf,10-01
15573,1,1,1,1,1,0,0,20190602,20190817,RVoff,muwtf,10-02
15574,0,0,0,0,0,0,0,20190602,20190817,RVon,f,TripK-04
15575,0,0,0,0,0,0,0,20190602,20190817,RVon,mut,TripK-04
15576,0,0,0,0,0,0,0,20190602,20190817,RVon,muwtf,10-02
15577,0,0,0,0,0,0,0,20190602,20190817,RVon,muwtf,10-01
15578,0,0,0,0,0,0,0,20190602,20190817,RVon,muwtf,10-03
15579,0,0,0,0,0,0,0,20190602,20190817,RVon,w,TripK-04
15580,0,0,0,0,0,0,0,20190602,20190817,RXon,muwtf,TripP-01
15581,0,0,0,0,0,0,0,20190602,20190817,RYon,muwtf,TripK-01
15582,0,0,0,0,0,0,0,20190602,20190817,SAon,mutf,TripP-05
15583,0,0,0,0,0,0,0,20190602,20190817,SAon,muwtf,TripP-04
15584,0,0,0,0,0,0,0,20190602,20190817,SAon,w,TripP-05
15585,0,0,0,0,0,0,0,20190602,20190817,SGon,muwtf,TripP-16
15586,1,1,1,1,1,0,0,20190602,20190817,SJoff,muwtf,56-01
15587,1,1,1,1,1,0,0,20190602,20190817,SJoff,muwtf,56-08
15588,1,1,1,1,1,0,0,20190602,20190817,SJoff,muwtf,70-02
15589,1,1,1,1,1,0,0,20190602,20190817,SJoff,muwtf,70-01
15590,1,1,1,1,1,0,0,20190602,20190817,SJoff,muwtf,56-12
15591,1,1,1,1,1,0,0,20190602,20190817,SJoff,muwtf,56-03
15592,0,0,0,0,0,0,0,20190602,20190817,SJon,muwtf,56-01
15593,0,0,0,0,0,0,0,20190602,20190817,SJon,muwtf,56-08
15594,0,0,0,0,0,0,0,20190602,20190817,SJon,muwtf,70-01
15595,0,0,0,0,0,0,0,20190602,20190817,SJon,muwtf,70-02
15596,0,0,0,0,0,0,0,20190602,20190817,SJon,muwtf,56-03
15597,0,0,0,0,0,0,0,20190602,20190817,SJon,muwtf,56-12
15598,0,0,0,0,0,0,0,20190602,20190817,SUon,muwtf,TripP-09